"Lat","Mean_temp","Seasonal_t","Seasonal_p","Driest_mon","Anual_prec","Biome_ID"
"Lat",1,-0.577586125240308,0.694698219238806,0.0514360724643199,-0.336685169567683,-0.498426393343591,NA
"Mean_temp",-0.577586125240308,1,-0.643720136256104,-0.0154858609561893,0.321852812736278,0.628582297895215,NA
"Seasonal_t",0.694698219238806,-0.643720136256104,1,0.0960597628220941,-0.345566481622441,-0.518576801809181,NA
"Seasonal_p",0.0514360724643199,-0.0154858609561893,0.0960597628220941,1,-0.77102995132166,-0.162542823131703,NA
"Driest_mon",-0.336685169567683,0.321852812736278,-0.345566481622441,-0.77102995132166,1,0.618374277983247,NA
"Anual_prec",-0.498426393343591,0.628582297895215,-0.518576801809181,-0.162542823131703,0.618374277983247,1,NA
"Biome_ID",NA,NA,NA,NA,NA,NA,1
